
# Вычисления закончены и заняли  175 секунд.
# C(154) = 10
# 0 (1, 1, 18, 1)
# 1 (1, 1, 38, 0)
# 2 (1, 2, 5, 3)
# 3 (1, 2, 25, 0)
# 4 (1, 3, 11, 1)
# 5 (1, 4, 9, 1)
# 6 (1, 5, 12, 0)
# 7 (2, 7, 7, 0)
# 8 (3, 3, 4, 2)
# 9 (3, 3, 7, 1)

# Вычисления закончены и заняли  3 секунд.
# C(154) = 10
# 1 (1, 1, 18, 1)
# 2 (1, 1, 38, 0)
# 3 (1, 2, 5, 3)
# 4 (1, 2, 25, 0)
# 5 (1, 3, 11, 1)
# 6 (1, 4, 9, 1)
# 7 (1, 5, 12, 0)
# 8 (2, 7, 7, 0)
# 9 (3, 3, 4, 2)
# 10 (3, 3, 7, 1)

# Вычисления закончены и заняли  186 секунд.
# Максимальное количество комбинаций =3 при k = 156
# 0 (1, 2, 14, 1)
# 1 (2, 2, 11, 1)
# 2 (2, 5, 6, 1)

# Вычисления закончены и заняли  582 секунд.
# Максимальное количество комбинаций = 45 при k = 1200
# 1 (1, 2, 50, 4)
# 2 (2, 2, 45, 4)
# 3 (2, 2, 56, 3)
# 4 (2, 2, 72, 2)
# 5 (2, 2, 98, 1)
# 6 (2, 2, 149, 0)
# 7 (2, 5, 34, 4)
# 8 (2, 5, 64, 1)
# 9 (2, 6, 46, 2)
# 10 (2, 7, 42, 2)
# 11 (2, 8, 32, 3)
# 12 (2, 8, 47, 1)
# 13 (2, 10, 23, 4)
# 14 (2, 10, 33, 2)
# 15 (2, 12, 20, 4)
# 16 (2, 12, 24, 3)
# 17 (2, 13, 32, 1)
# 18 (2, 14, 30, 1)
# 19 (2, 18, 20, 2)
# 20 (3, 4, 84, 0)
# 21 (3, 12, 22, 3)
# 22 (3, 18, 26, 0)
# 23 (4, 4, 31, 4)
# 24 (4, 4, 73, 0)
# 25 (4, 6, 38, 2)
# 26 (4, 7, 52, 0)
# 27 (4, 10, 40, 0)
# 28 (4, 15, 20, 2)
# 29 (4, 18, 24, 0)
# 30 (5, 20, 20, 0)
# 31 (6, 6, 32, 2)
# 32 (6, 6, 47, 0)
# 33 (6, 11, 22, 2)
# 34 (6, 12, 17, 3)
# 35 (6, 14, 18, 2)
# 36 (7, 14, 20, 1)
# 37 (8, 8, 16, 4)
# 38 (8, 8, 28, 1)
# 39 (8, 9, 18, 3)
# 40 (8, 9, 26, 1)
# 41 (9, 14, 14, 2)
# 42 (10, 10, 25, 0)
# 43 (10, 12, 12, 3)
# 44 (10, 15, 18, 0)
# 45 (12, 12, 19, 0)

# Вычисления закончены и заняли  2286 секунд.
# Максимальное количество комбинаций = 34 при k = 1500
# 1 (1, 4, 64, 3)
# 2 (1, 8, 38, 4)
# 3 (1, 8, 54, 2)
# 4 (2, 2, 71, 3)
# 5 (2, 2, 123, 1)
# 6 (2, 3, 80, 2)
# 7 (2, 5, 44, 4)
# 8 (2, 8, 35, 4)
# 9 (2, 11, 56, 0)
# 10 (2, 12, 13, 8)
# 11 (2, 12, 37, 2)
# 12 (2, 17, 20, 4)
# 13 (2, 24, 27, 0)
# 14 (3, 8, 66, 0)
# 15 (3, 20, 22, 2)
# 16 (3, 20, 30, 0)
# 17 (4, 12, 27, 3)
# 18 (5, 6, 16, 8)
# 19 (5, 6, 32, 4)
# 20 (5, 10, 14, 7)
# 21 (5, 20, 26, 0)
# 22 (6, 6, 35, 3)
# 23 (6, 9, 24, 4)
# 24 (7, 10, 34, 1)
# 25 (7, 10, 40, 0)
# 26 (8, 10, 27, 2)
# 27 (8, 11, 18, 4)
# 28 (8, 14, 21, 2)
# 29 (8, 14, 29, 0)
# 30 (9, 10, 12, 6)
# 31 (10, 11, 26, 1)
# 32 (10, 15, 24, 0)
# 33 (11, 14, 14, 3)
# 34 (12, 12, 15, 3)

# Вычисления закончены и заняли  51 секунд.
# Максимальное количество комбинаций = 37 при k = 1500
# 1 (1, 4, 64, 3)
# 2 (1, 8, 38, 4)
# 3 (1, 8, 54, 2)
# 4 (2, 2, 11, 13)
# 5 (2, 2, 71, 3)
# 6 (2, 2, 123, 1)
# 7 (2, 3, 80, 2)
# 8 (2, 4, 17, 10)
# 9 (2, 5, 44, 4)
# 10 (2, 8, 35, 4)
# 11 (2, 11, 56, 0)
# 12 (2, 12, 13, 8)
# 13 (2, 12, 37, 2)
# 14 (2, 17, 20, 4)
# 15 (2, 24, 27, 0)
# 16 (3, 8, 8, 11)
# 17 (3, 8, 66, 0)
# 18 (3, 20, 22, 2)
# 19 (3, 20, 30, 0)
# 20 (4, 12, 27, 3)
# 21 (5, 6, 16, 8)
# 22 (5, 6, 32, 4)
# 23 (5, 10, 14, 7)
# 24 (5, 20, 26, 0)
# 25 (6, 6, 35, 3)
# 26 (6, 9, 24, 4)
# 27 (7, 10, 34, 1)
# 28 (7, 10, 40, 0)
# 29 (8, 10, 27, 2)
# 30 (8, 11, 18, 4)
# 31 (8, 14, 21, 2)
# 32 (8, 14, 29, 0)
# 33 (9, 10, 12, 6)
# 34 (10, 11, 26, 1)
# 35 (10, 15, 24, 0)
# 36 (11, 14, 14, 3)
# 37 (12, 12, 15, 3)
